ostm1:1087-30953W	T1	NC	1005	1.0	43	0.0	0	1.0	218	0.998009979724884	300	0.06201332100326087
ostm1:1087-30953W	T2	NC	741	1.0	24	0.0	0	1.0	88	0.997300922870636	136	0.07691788307582377
ostm1:21151-30953W	T3	NC	488	1.0	17	0.0	0	1.0	45	0.9959016442298889	98	0.08477976223543388
