rps5:1870-8482W	T1	NC	615	1.0	244	0.0	0	1.0	753	0.9967479705810547	1160	0.07185451533053588
rps5:1870-8327W	T2	NC	336	1.0	281	0.0	0	1.0	478	0.9940476417541504	1448	0.1013172094943804
rps5:7091-8327W	T3	NC	228	1.0	310	0.0	0	1.0	355	0.9912280440330505	1617	0.1354447271230761
