tbc1d10a:1025-35531W	T1	NC	1527	1.0	34	0.0	0	1.0	257	0.9986902475357056	222	0.058921777676998584
tbc1d10a:23276-33110W	T2	NC	281	1.0	93	0.0	0	1.0	128	0.9928825497627258	412	0.1166477542437811
tbc1d10a:1025-35531W	T3	NC	1199	1.0	73	0.0	0	1.0	436	0.9983319640159607	366	0.055826064161782
tbc1d10a:1025-33985W	T4	NC	829	1.0	58	0.0	0	1.0	240	0.9975874423980713	342	0.07132754231042449
