slc22a4:1166-50384W	T1	NC	1656	1.0	140	0.0	0	1.0	1155	0.998792290687561	843	0.047739391642323215
slc22a4:18710-50384W	T2	NC	905	1.0	79	0.0	0	1.0	362	0.9977900385856628	386	0.06785056601720227
slc22a4:20163-50384W	T3	NC	1159	1.0	149	0.0	0	1.0	859	0.9982743859291077	783	0.055511802551511745
slc22a4:20163-42549W	T4	NC	560	1.0	57	0.0	0	1.0	158	0.9964285492897034	447	0.0821566906737961
