znf622:1121-15129W	T1	NC	1434	1.0	95	0.0	0	1.0	685	0.9986053109169006	437	0.04875811253069157
znf622:3044-15129W	T2	NC	533	1.0	63	0.0	0	1.0	170	0.9962476491928101	237	0.06653090176671253
