tec:42184-133382W	T1	NC	1896	1.0	21	0.0	0	1.0	198	0.9989451766014099	165	0.050881387832449713
tec:102172-133382W	T2	NC	978	1.0	47	0.0	0	1.0	231	0.9979550242424011	329	0.07291914448649989
tec:42184-133382W	T3	NC	781	1.0	19	0.0	0	1.0	71	0.9974392056465149	229	0.07007892457380675
tec:42184-132133W	T4	NC	885	1.0	14	0.0	0	1.0	60	0.9977400898933411	85	0.05474867805643751
