zbtb45:2882-6501W	T1	NC	1536	1.0	14	0.0	0	1.0	108	0.9986979365348816	182	0.07153886563148106
zbtb45:2882-4160W	T2	NC	1279	1.0	204	0.0	0	1.0	1304	0.9984362721443176	970	0.048141250145735955
