pes1:1075-15862W	T1	NC	1767	1.0	33	0.0	0	1.0	291	0.9988681674003601	227	0.054431603308293594
pes1:4734-14071W	T2	NC	593	1.0	46	0.0	0	1.0	137	0.9966273307800293	148	0.0661682934072542
pes1:3638-13157W	T1	NC	944	1.0	57	0.0	0	1.0	269	0.9978813529014587	396	0.06929094158373886
