mettl2b:1038-26188W	T1	NC	1137	1.0	28	0.0	0	1.0	156	0.9982410073280334	174	0.06583563792384915
mettl2b:1038-4968W	T2	NC	252	1.0	43	0.0	0	1.0	57	0.9920634627342224	122	0.1089242700631164
mettl2b:1038-26188W	T3	NC	442	1.0	16	0.0	0	1.0	31	0.9954751133918762	138	0.0821840197695515
