chmp2a:1908-4471W	T1	NC	669	1.0	280	0.0	0	1.0	943	0.9970104694366455	1124	0.06906271412178375
chmp2a:1908-4471W	T2	NC	489	1.0	295	0.0	0	1.0	731	0.9959100484848022	1383	0.0831222763993071
chmp2a:3682-4471W	T3	NC	308	1.0	277	0.0	0	1.0	439	0.9935064911842346	1405	0.10207654319063099
