tfeb:44848-51462W	T1	NC	1431	1.0	118	0.0	0	1.0	844	0.9986023902893066	535	0.05449463868133922
tfeb:48252-48308W	T2	NC	57	1.0	114	0.0	0	1.0	114	0.9649122953414917	276	0.1874535858392427
tfeb:44848-49971W	T3	NC	794	1.0	49	0.0	0	1.0	192	0.997481107711792	165	0.07335084060171308
tfeb:44848-51462W	T4	NC	1005	1.0	18	0.0	0	1.0	91	0.998009979724884	96	0.07543878707179544
