march11:1214-113318W	T1	NC	1209	1.0	36	0.0	0	1.0	216	0.9983457326889038	481	0.06116791408383728
march11:2908-113318W	T2	NC	672	1.0	27	0.0	0	1.0	90	0.9970238208770752	147	0.0772351545351124
march11:89708-89900W	T3	NC	193	1.0	25	0.0	0	1.0	26	0.9896373152732849	70	0.12561646283419223
march11:1214-113318W	T4	NC	860	1.0	39	0.0	0	1.0	168	0.9976744055747986	356	0.07456226562775836
