spp2:1086-20312W	T1	NC	636	1.0	76	0.0	0	1.0	239	0.9968553185462952	260	0.080249878985404
spp2:16832-20312W	T2	NC	192	1.0	91	0.0	0	1.0	94	0.9895833134651184	393	0.1435775868223642
spp2:1270-9257W	T3	NC	248	1.0	70	0.0	0	1.0	89	0.9919354915618896	346	0.121614801352705
spp2:1086-20312W	T4	NC	277	1.0	280	0.0	0	1.0	375	0.9927797913551331	1562	0.11209630626287881
