shroom1:1171-4515W	T1	NC	2544	1.0	28	0.0	0	1.0	356	0.9992138147354126	403	0.04030480413770516
shroom1:2238-4061W	T2	NC	1041	1.0	35	0.0	0	1.0	182	0.9980787634849548	214	0.05116699403149728
shroom1:1171-4061W	T3	NC	1656	1.0	19	0.0	0	1.0	159	0.998792290687561	158	0.06874332711088815
shroom1:1171-4515W	T4	NC	1767	1.0	22	0.0	0	1.0	194	0.9988681674003601	198	0.05030497021357286
