znf584:1453-10089W	T1	NC	1266	1.0	127	0.0	0	1.0	809	0.998420238494873	725	0.059520643418918225
znf584:2246-10089W	T2	NC	1248	1.0	90	0.0	0	1.0	561	0.9983974099159241	525	0.053100419777858975
