ooep:1001-2009W	T1	NC	450	1.0	274	0.0	0	1.0	620	0.995555579662323	1041	0.07720448896376736
ooep:1930-2009W	T2	NC	80	1.0	243	0.0	0	1.0	243	0.9750000238418579	681	0.18764624086605716
ooep:1408-2009W	T3	NC	260	1.0	81	0.0	0	1.0	100	0.9923076629638672	472	0.12442408621785836
