zmat5:19437-36756W	T1	NC	513	1.0	32	0.0	0	1.0	79	0.9961013793945312	246	0.09543758731502752
zmat5:19437-27331W	T2	NC	208	1.0	41	0.0	0	1.0	43	0.9903846383094788	299	0.15171241279430364
zmat5:19437-19563W	T3	NC	127	1.0	23	0.0	0	1.0	23	0.9842519760131836	169	0.16666390850578722
