c21orf63:1411-103749W	T1	NC	1326	1.0	23	0.0	0	1.0	153	0.9984917044639587	103	0.05567218483115926
c21orf63:1411-92574W	T2	NC	394	1.0	25	0.0	0	1.0	50	0.9949238300323486	143	0.0883487609627979
c21orf63:1411-103749W	T3	NC	1112	1.0	42	0.0	0	1.0	232	0.9982014298439026	205	0.05883805571145908
c21orf63:1411-103749W	T4	NC	1092	1.0	30	0.0	0	1.0	162	0.9981684684753418	185	0.05873336068714845
